1 0.781226 0.461256 0.340546 0.243394
2 0.657205 0.592659 0.130632 0.065833
2 0.645982 0.562951 0.093485 0.048176
2 0.648642 0.571936 0.105320 0.061555
1 0.701391 0.444370 0.165974 0.038253
2 0.844795 0.580750 0.087381 0.074026
2 0.829084 0.587134 0.049875 0.062680
2 0.794566 0.575403 0.023137 0.054348
2 0.646556 0.550715 0.049594 0.037595
2 0.652358 0.580465 0.114039 0.051278
0 0.703126 0.648138 0.240484 0.144936
1 0.700288 0.480782 0.165653 0.107367
1 0.676696 0.492058 0.114540 0.090653
2 0.647356 0.546384 0.040727 0.042830
2 0.669046 0.625534 0.162722 0.097535
