2 0.929600 0.853504 0.140171 0.276423
2 0.631030 0.835958 0.170444 0.315996
2 0.794542 0.857583 0.181355 0.272843
2 0.438712 0.654288 0.054152 0.149538
2 0.528828 0.512450 0.148770 0.165578
2 0.684477 0.605710 0.054169 0.051229
2 0.880368 0.672054 0.022201 0.095557
2 0.487256 0.625189 0.054088 0.121613
2 0.750308 0.632043 0.076196 0.106289
2 0.660605 0.614600 0.031859 0.027805
2 0.824112 0.707792 0.349954 0.079059
2 0.412930 0.648626 0.031124 0.123153
2 0.602786 0.614319 0.176236 0.068081
2 0.564155 0.666299 0.111893 0.103516
2 0.748481 0.610701 0.071180 0.063967
2 0.905386 0.654790 0.061640 0.062017
2 0.729813 0.665256 0.020255 0.082104
2 0.538045 0.596193 0.051880 0.035403
2 0.495444 0.824336 0.088565 0.336392
2 0.859660 0.684985 0.019294 0.068958
2 0.564173 0.722858 0.111572 0.216656
2 0.034240 0.606637 0.067828 0.752829
2 0.991081 0.687694 0.017060 0.057882
